{
 "cells": [
  {
   "cell_type": "code",
   "execution_count": 16,
   "metadata": {},
   "outputs": [],
   "source": [
    "# Import libraries\n",
    "import pandas as pd # data processing, CSV file I/O (e.g. pd.read_csv)\n",
    "import seaborn as sns # data visualization\n",
    "from matplotlib import pyplot as plt"
   ]
  },
  {
   "cell_type": "code",
   "execution_count": 17,
   "metadata": {},
   "outputs": [
    {
     "data": {
      "text/html": [
       "<div>\n",
       "<style scoped>\n",
       "    .dataframe tbody tr th:only-of-type {\n",
       "        vertical-align: middle;\n",
       "    }\n",
       "\n",
       "    .dataframe tbody tr th {\n",
       "        vertical-align: top;\n",
       "    }\n",
       "\n",
       "    .dataframe thead th {\n",
       "        text-align: right;\n",
       "    }\n",
       "</style>\n",
       "<table border=\"1\" class=\"dataframe\">\n",
       "  <thead>\n",
       "    <tr style=\"text-align: right;\">\n",
       "      <th></th>\n",
       "      <th>game_season</th>\n",
       "      <th>country_code</th>\n",
       "      <th>country_name</th>\n",
       "      <th>discipline_title</th>\n",
       "      <th>event_title</th>\n",
       "      <th>event_gender</th>\n",
       "      <th>medal_type</th>\n",
       "      <th>medal_count</th>\n",
       "    </tr>\n",
       "  </thead>\n",
       "  <tbody>\n",
       "    <tr>\n",
       "      <th>0</th>\n",
       "      <td>Summer</td>\n",
       "      <td>AFG</td>\n",
       "      <td>Afghanistan</td>\n",
       "      <td>Taekwondo</td>\n",
       "      <td>58 - 68 kg men</td>\n",
       "      <td>Men</td>\n",
       "      <td>BRONZE</td>\n",
       "      <td>1</td>\n",
       "    </tr>\n",
       "    <tr>\n",
       "      <th>1</th>\n",
       "      <td>Summer</td>\n",
       "      <td>AFG</td>\n",
       "      <td>Afghanistan</td>\n",
       "      <td>Taekwondo</td>\n",
       "      <td>beijing 2008 taekwondo - 58 kg men</td>\n",
       "      <td>Men</td>\n",
       "      <td>BRONZE</td>\n",
       "      <td>1</td>\n",
       "    </tr>\n",
       "    <tr>\n",
       "      <th>2</th>\n",
       "      <td>Summer</td>\n",
       "      <td>AHO</td>\n",
       "      <td>Netherlands Antilles</td>\n",
       "      <td>Sailing</td>\n",
       "      <td>division ii - windsurfer men</td>\n",
       "      <td>Open</td>\n",
       "      <td>SILVER</td>\n",
       "      <td>1</td>\n",
       "    </tr>\n",
       "    <tr>\n",
       "      <th>3</th>\n",
       "      <td>Summer</td>\n",
       "      <td>ALG</td>\n",
       "      <td>Algeria</td>\n",
       "      <td>Athletics</td>\n",
       "      <td>1500m men</td>\n",
       "      <td>Men</td>\n",
       "      <td>GOLD</td>\n",
       "      <td>2</td>\n",
       "    </tr>\n",
       "    <tr>\n",
       "      <th>4</th>\n",
       "      <td>Summer</td>\n",
       "      <td>ALG</td>\n",
       "      <td>Algeria</td>\n",
       "      <td>Athletics</td>\n",
       "      <td>1500m men</td>\n",
       "      <td>Men</td>\n",
       "      <td>SILVER</td>\n",
       "      <td>1</td>\n",
       "    </tr>\n",
       "  </tbody>\n",
       "</table>\n",
       "</div>"
      ],
      "text/plain": [
       "  game_season country_code          country_name discipline_title  \\\n",
       "0      Summer          AFG           Afghanistan        Taekwondo   \n",
       "1      Summer          AFG           Afghanistan        Taekwondo   \n",
       "2      Summer          AHO  Netherlands Antilles          Sailing   \n",
       "3      Summer          ALG               Algeria        Athletics   \n",
       "4      Summer          ALG               Algeria        Athletics   \n",
       "\n",
       "                          event_title event_gender medal_type  medal_count  \n",
       "0                      58 - 68 kg men          Men     BRONZE            1  \n",
       "1  beijing 2008 taekwondo - 58 kg men          Men     BRONZE            1  \n",
       "2        division ii - windsurfer men         Open     SILVER            1  \n",
       "3                           1500m men          Men       GOLD            2  \n",
       "4                           1500m men          Men     SILVER            1  "
      ]
     },
     "execution_count": 17,
     "metadata": {},
     "output_type": "execute_result"
    }
   ],
   "source": [
    "# Get the medal details dataset\n",
    "df_medal_details = pd.read_csv('../data/etl/medals_by_season_country_discip_event_type.csv')\n",
    "df_medal_details.head()"
   ]
  },
  {
   "cell_type": "code",
   "execution_count": 18,
   "metadata": {},
   "outputs": [],
   "source": [
    "# Get all of the other datasets in the etl folder\n",
    "df_hapiness = pd.read_csv('../data/etl/happiness_avg_by_country.csv')\n",
    "df_gdp = pd.read_csv('../data/etl/gdp_avg_by_country.csv')\n",
    "df_nutrition = pd.read_csv('../data/etl/nutrition_2017_by_country.csv')\n"
   ]
  },
  {
   "cell_type": "code",
   "execution_count": 19,
   "metadata": {},
   "outputs": [],
   "source": [
    "# Function to merge a medals slice with the other datasets\n",
    "def merge_hap_gdp_nut(df_medal_slice: pd.DataFrame) -> pd.DataFrame:\n",
    "    df_merged = pd.merge(df_medal_slice, df_hapiness, left_on='country_name', right_on='country', how='left')\n",
    "    df_merged = pd.merge(df_merged, df_gdp, on='country_name', how='left')\n",
    "    df_merged = pd.merge(df_merged, df_nutrition, on='country_name', how='left')\n",
    "    df_merged = df_merged.drop(columns=['country', 'country_code']).reset_index(drop=True)\n",
    "    return df_merged"
   ]
  },
  {
   "cell_type": "code",
   "execution_count": 20,
   "metadata": {},
   "outputs": [],
   "source": [
    "# Function to slice the medal details dataset and prepare it for correlation\n",
    "def slice_medal_details_data(data_to_select: dict[str, str]) -> pd.DataFrame:\n",
    "    drop_medal_cols = ['game_season', 'country_code', 'discipline_title', 'event_title', 'event_gender', 'medal_type']\n",
    "    group_medal_cols = ['country_name']\n",
    "\n",
    "    df_slice = df_medal_details.copy()\n",
    "    for key, value in data_to_select.items():\n",
    "        df_slice = df_slice[df_slice[key] == value]\n",
    "\n",
    "    df_slice = df_slice.drop(columns=drop_medal_cols)\n",
    "    df_slice = df_slice.groupby(group_medal_cols)['medal_count'].sum().reset_index()\n",
    "    return df_slice.reset_index(drop=True)"
   ]
  },
  {
   "cell_type": "code",
   "execution_count": 51,
   "metadata": {},
   "outputs": [],
   "source": [
    "def remove_outliers(df: pd.DataFrame) -> pd.DataFrame:\n",
    "    # Use pandas to find potential outliers by calculating the interquartile range (IQR)\n",
    "    medals = df['medal_count']\n",
    "    Q1 = medals.quantile(0.25)\n",
    "    median = medals.quantile(0.5)\n",
    "    Q3 = medals.quantile(0.75)\n",
    "    IQR = Q3 - Q1\n",
    "    lower_bound = Q1 - (2 * IQR)\n",
    "    upper_bound = Q3 + (2 * IQR)\n",
    "    return lower_bound, upper_bound\n",
    "    \n",
    "    # print(upper_bound, lower_bound)\n",
    "    \n",
    "    # # Remove outliers\n",
    "    # outlier_df = df.loc[(df['medal_count'] < upper_bound) |\n",
    "    #                             (df['medal_count'] > lower_bound)]\n",
    "    # return outlier_df"
   ]
  },
  {
   "cell_type": "code",
   "execution_count": 69,
   "metadata": {},
   "outputs": [],
   "source": [
    "def custom_outliers(df: pd.DataFrame) -> pd.DataFrame:\n",
    "    # Use pandas to find potential outliers by calculating the interquartile range (IQR)\n",
    "    medals = df['medal_count']\n",
    "    Q1 = medals.quantile(0.25)\n",
    "    median = medals.quantile(0.5)\n",
    "    Q3 = medals.quantile(0.75)\n",
    "    IQR = Q3 - Q1\n",
    "    lower_bound = Q1 * 5\n",
    "    upper_bound = df['medal_count'].max()\n",
    "    return lower_bound, upper_bound\n",
    "    \n",
    "    # print(upper_bound, lower_bound)\n",
    "    \n",
    "    # # Remove outliers\n",
    "    # outlier_df = df.loc[(df['medal_count'] < upper_bound) |\n",
    "    #                             (df['medal_count'] > lower_bound)]\n",
    "    # return outlier_df"
   ]
  },
  {
   "cell_type": "code",
   "execution_count": 57,
   "metadata": {},
   "outputs": [],
   "source": [
    "def box_plot_medals(df: pd.DataFrame, title: str) -> None:\n",
    "    medals = df['medal_count']\n",
    "    fig1, ax1 = plt.subplots()\n",
    "    ax1.set_title(title)\n",
    "    ax1.set_ylabel('Medal Count')\n",
    "    ax1.boxplot(medals)\n",
    "    plt.show()"
   ]
  },
  {
   "cell_type": "code",
   "execution_count": 70,
   "metadata": {},
   "outputs": [
    {
     "data": {
      "text/html": [
       "<div>\n",
       "<style scoped>\n",
       "    .dataframe tbody tr th:only-of-type {\n",
       "        vertical-align: middle;\n",
       "    }\n",
       "\n",
       "    .dataframe tbody tr th {\n",
       "        vertical-align: top;\n",
       "    }\n",
       "\n",
       "    .dataframe thead th {\n",
       "        text-align: right;\n",
       "    }\n",
       "</style>\n",
       "<table border=\"1\" class=\"dataframe\">\n",
       "  <thead>\n",
       "    <tr style=\"text-align: right;\">\n",
       "      <th></th>\n",
       "      <th>medal_count</th>\n",
       "      <th>happiness</th>\n",
       "      <th>wealth</th>\n",
       "      <th>support</th>\n",
       "      <th>health</th>\n",
       "      <th>freedom</th>\n",
       "      <th>generosity</th>\n",
       "      <th>corruption</th>\n",
       "      <th>positivity</th>\n",
       "      <th>negativity</th>\n",
       "      <th>gdp_avg</th>\n",
       "      <th>calories_pct</th>\n",
       "      <th>nutrients_pct</th>\n",
       "      <th>diet_pct</th>\n",
       "      <th>calories_mills</th>\n",
       "      <th>nutrients_mills</th>\n",
       "      <th>diet_mills</th>\n",
       "      <th>population</th>\n",
       "    </tr>\n",
       "  </thead>\n",
       "  <tbody>\n",
       "    <tr>\n",
       "      <th>medal_count</th>\n",
       "      <td>1.000000</td>\n",
       "      <td>0.220567</td>\n",
       "      <td>0.281945</td>\n",
       "      <td>0.185370</td>\n",
       "      <td>0.165661</td>\n",
       "      <td>0.096996</td>\n",
       "      <td>0.058168</td>\n",
       "      <td>-0.077640</td>\n",
       "      <td>0.105476</td>\n",
       "      <td>-0.179493</td>\n",
       "      <td>0.881499</td>\n",
       "      <td>-0.130647</td>\n",
       "      <td>-0.214235</td>\n",
       "      <td>-0.250582</td>\n",
       "      <td>-0.046197</td>\n",
       "      <td>-0.026145</td>\n",
       "      <td>-0.010255</td>\n",
       "      <td>0.332949</td>\n",
       "    </tr>\n",
       "    <tr>\n",
       "      <th>happiness</th>\n",
       "      <td>0.220567</td>\n",
       "      <td>1.000000</td>\n",
       "      <td>0.800538</td>\n",
       "      <td>0.730530</td>\n",
       "      <td>0.754235</td>\n",
       "      <td>0.600304</td>\n",
       "      <td>0.371587</td>\n",
       "      <td>-0.599141</td>\n",
       "      <td>0.573452</td>\n",
       "      <td>-0.280796</td>\n",
       "      <td>0.202401</td>\n",
       "      <td>-0.485815</td>\n",
       "      <td>-0.671955</td>\n",
       "      <td>-0.732227</td>\n",
       "      <td>-0.229304</td>\n",
       "      <td>-0.255856</td>\n",
       "      <td>-0.257787</td>\n",
       "      <td>-0.178021</td>\n",
       "    </tr>\n",
       "    <tr>\n",
       "      <th>wealth</th>\n",
       "      <td>0.281945</td>\n",
       "      <td>0.800538</td>\n",
       "      <td>1.000000</td>\n",
       "      <td>0.696210</td>\n",
       "      <td>0.844669</td>\n",
       "      <td>0.418890</td>\n",
       "      <td>0.124312</td>\n",
       "      <td>-0.452280</td>\n",
       "      <td>0.268432</td>\n",
       "      <td>-0.211463</td>\n",
       "      <td>0.217943</td>\n",
       "      <td>-0.611164</td>\n",
       "      <td>-0.864317</td>\n",
       "      <td>-0.889854</td>\n",
       "      <td>-0.289587</td>\n",
       "      <td>-0.255434</td>\n",
       "      <td>-0.252844</td>\n",
       "      <td>-0.161100</td>\n",
       "    </tr>\n",
       "    <tr>\n",
       "      <th>support</th>\n",
       "      <td>0.185370</td>\n",
       "      <td>0.730530</td>\n",
       "      <td>0.696210</td>\n",
       "      <td>1.000000</td>\n",
       "      <td>0.573535</td>\n",
       "      <td>0.406149</td>\n",
       "      <td>0.233989</td>\n",
       "      <td>-0.302176</td>\n",
       "      <td>0.429864</td>\n",
       "      <td>-0.371542</td>\n",
       "      <td>0.110141</td>\n",
       "      <td>-0.574935</td>\n",
       "      <td>-0.658879</td>\n",
       "      <td>-0.664701</td>\n",
       "      <td>-0.269283</td>\n",
       "      <td>-0.386308</td>\n",
       "      <td>-0.386925</td>\n",
       "      <td>-0.285352</td>\n",
       "    </tr>\n",
       "    <tr>\n",
       "      <th>health</th>\n",
       "      <td>0.165661</td>\n",
       "      <td>0.754235</td>\n",
       "      <td>0.844669</td>\n",
       "      <td>0.573535</td>\n",
       "      <td>1.000000</td>\n",
       "      <td>0.338940</td>\n",
       "      <td>0.102161</td>\n",
       "      <td>-0.396567</td>\n",
       "      <td>0.254752</td>\n",
       "      <td>-0.113009</td>\n",
       "      <td>0.154807</td>\n",
       "      <td>-0.697495</td>\n",
       "      <td>-0.866325</td>\n",
       "      <td>-0.860756</td>\n",
       "      <td>-0.397369</td>\n",
       "      <td>-0.247334</td>\n",
       "      <td>-0.234873</td>\n",
       "      <td>-0.102165</td>\n",
       "    </tr>\n",
       "    <tr>\n",
       "      <th>freedom</th>\n",
       "      <td>0.096996</td>\n",
       "      <td>0.600304</td>\n",
       "      <td>0.418890</td>\n",
       "      <td>0.406149</td>\n",
       "      <td>0.338940</td>\n",
       "      <td>1.000000</td>\n",
       "      <td>0.512530</td>\n",
       "      <td>-0.569262</td>\n",
       "      <td>0.665437</td>\n",
       "      <td>-0.312787</td>\n",
       "      <td>0.141564</td>\n",
       "      <td>-0.378647</td>\n",
       "      <td>-0.300344</td>\n",
       "      <td>-0.333578</td>\n",
       "      <td>-0.109365</td>\n",
       "      <td>0.022504</td>\n",
       "      <td>0.028254</td>\n",
       "      <td>0.080720</td>\n",
       "    </tr>\n",
       "    <tr>\n",
       "      <th>generosity</th>\n",
       "      <td>0.058168</td>\n",
       "      <td>0.371587</td>\n",
       "      <td>0.124312</td>\n",
       "      <td>0.233989</td>\n",
       "      <td>0.102161</td>\n",
       "      <td>0.512530</td>\n",
       "      <td>1.000000</td>\n",
       "      <td>-0.384608</td>\n",
       "      <td>0.480634</td>\n",
       "      <td>-0.226598</td>\n",
       "      <td>0.080943</td>\n",
       "      <td>0.021643</td>\n",
       "      <td>0.080594</td>\n",
       "      <td>0.094091</td>\n",
       "      <td>0.106995</td>\n",
       "      <td>0.085951</td>\n",
       "      <td>0.087360</td>\n",
       "      <td>-0.005631</td>\n",
       "    </tr>\n",
       "    <tr>\n",
       "      <th>corruption</th>\n",
       "      <td>-0.077640</td>\n",
       "      <td>-0.599141</td>\n",
       "      <td>-0.452280</td>\n",
       "      <td>-0.302176</td>\n",
       "      <td>-0.396567</td>\n",
       "      <td>-0.569262</td>\n",
       "      <td>-0.384608</td>\n",
       "      <td>1.000000</td>\n",
       "      <td>-0.347213</td>\n",
       "      <td>0.363675</td>\n",
       "      <td>-0.068265</td>\n",
       "      <td>0.185861</td>\n",
       "      <td>0.298415</td>\n",
       "      <td>0.361399</td>\n",
       "      <td>0.158773</td>\n",
       "      <td>0.113180</td>\n",
       "      <td>0.115305</td>\n",
       "      <td>0.113944</td>\n",
       "    </tr>\n",
       "    <tr>\n",
       "      <th>positivity</th>\n",
       "      <td>0.105476</td>\n",
       "      <td>0.573452</td>\n",
       "      <td>0.268432</td>\n",
       "      <td>0.429864</td>\n",
       "      <td>0.254752</td>\n",
       "      <td>0.665437</td>\n",
       "      <td>0.480634</td>\n",
       "      <td>-0.347213</td>\n",
       "      <td>1.000000</td>\n",
       "      <td>-0.219059</td>\n",
       "      <td>0.181748</td>\n",
       "      <td>-0.030678</td>\n",
       "      <td>-0.051646</td>\n",
       "      <td>-0.107617</td>\n",
       "      <td>0.077176</td>\n",
       "      <td>-0.053205</td>\n",
       "      <td>-0.051250</td>\n",
       "      <td>0.015320</td>\n",
       "    </tr>\n",
       "    <tr>\n",
       "      <th>negativity</th>\n",
       "      <td>-0.179493</td>\n",
       "      <td>-0.280796</td>\n",
       "      <td>-0.211463</td>\n",
       "      <td>-0.371542</td>\n",
       "      <td>-0.113009</td>\n",
       "      <td>-0.312787</td>\n",
       "      <td>-0.226598</td>\n",
       "      <td>0.363675</td>\n",
       "      <td>-0.219059</td>\n",
       "      <td>1.000000</td>\n",
       "      <td>-0.061065</td>\n",
       "      <td>0.037616</td>\n",
       "      <td>0.218731</td>\n",
       "      <td>0.216874</td>\n",
       "      <td>0.024488</td>\n",
       "      <td>0.156953</td>\n",
       "      <td>0.144600</td>\n",
       "      <td>-0.001121</td>\n",
       "    </tr>\n",
       "    <tr>\n",
       "      <th>gdp_avg</th>\n",
       "      <td>0.881499</td>\n",
       "      <td>0.202401</td>\n",
       "      <td>0.217943</td>\n",
       "      <td>0.110141</td>\n",
       "      <td>0.154807</td>\n",
       "      <td>0.141564</td>\n",
       "      <td>0.080943</td>\n",
       "      <td>-0.068265</td>\n",
       "      <td>0.181748</td>\n",
       "      <td>-0.061065</td>\n",
       "      <td>1.000000</td>\n",
       "      <td>-0.099883</td>\n",
       "      <td>-0.157817</td>\n",
       "      <td>-0.185702</td>\n",
       "      <td>0.006452</td>\n",
       "      <td>0.067179</td>\n",
       "      <td>0.081745</td>\n",
       "      <td>0.410758</td>\n",
       "    </tr>\n",
       "    <tr>\n",
       "      <th>calories_pct</th>\n",
       "      <td>-0.130647</td>\n",
       "      <td>-0.485815</td>\n",
       "      <td>-0.611164</td>\n",
       "      <td>-0.574935</td>\n",
       "      <td>-0.697495</td>\n",
       "      <td>-0.378647</td>\n",
       "      <td>0.021643</td>\n",
       "      <td>0.185861</td>\n",
       "      <td>-0.030678</td>\n",
       "      <td>0.037616</td>\n",
       "      <td>-0.099883</td>\n",
       "      <td>1.000000</td>\n",
       "      <td>0.769507</td>\n",
       "      <td>0.689695</td>\n",
       "      <td>0.673845</td>\n",
       "      <td>0.125127</td>\n",
       "      <td>0.106347</td>\n",
       "      <td>0.002954</td>\n",
       "    </tr>\n",
       "    <tr>\n",
       "      <th>nutrients_pct</th>\n",
       "      <td>-0.214235</td>\n",
       "      <td>-0.671955</td>\n",
       "      <td>-0.864317</td>\n",
       "      <td>-0.658879</td>\n",
       "      <td>-0.866325</td>\n",
       "      <td>-0.300344</td>\n",
       "      <td>0.080594</td>\n",
       "      <td>0.298415</td>\n",
       "      <td>-0.051646</td>\n",
       "      <td>0.218731</td>\n",
       "      <td>-0.157817</td>\n",
       "      <td>0.769507</td>\n",
       "      <td>1.000000</td>\n",
       "      <td>0.964386</td>\n",
       "      <td>0.485457</td>\n",
       "      <td>0.348631</td>\n",
       "      <td>0.335460</td>\n",
       "      <td>0.160385</td>\n",
       "    </tr>\n",
       "    <tr>\n",
       "      <th>diet_pct</th>\n",
       "      <td>-0.250582</td>\n",
       "      <td>-0.732227</td>\n",
       "      <td>-0.889854</td>\n",
       "      <td>-0.664701</td>\n",
       "      <td>-0.860756</td>\n",
       "      <td>-0.333578</td>\n",
       "      <td>0.094091</td>\n",
       "      <td>0.361399</td>\n",
       "      <td>-0.107617</td>\n",
       "      <td>0.216874</td>\n",
       "      <td>-0.185702</td>\n",
       "      <td>0.689695</td>\n",
       "      <td>0.964386</td>\n",
       "      <td>1.000000</td>\n",
       "      <td>0.454427</td>\n",
       "      <td>0.350250</td>\n",
       "      <td>0.341967</td>\n",
       "      <td>0.163151</td>\n",
       "    </tr>\n",
       "    <tr>\n",
       "      <th>calories_mills</th>\n",
       "      <td>-0.046197</td>\n",
       "      <td>-0.229304</td>\n",
       "      <td>-0.289587</td>\n",
       "      <td>-0.269283</td>\n",
       "      <td>-0.397369</td>\n",
       "      <td>-0.109365</td>\n",
       "      <td>0.106995</td>\n",
       "      <td>0.158773</td>\n",
       "      <td>0.077176</td>\n",
       "      <td>0.024488</td>\n",
       "      <td>0.006452</td>\n",
       "      <td>0.673845</td>\n",
       "      <td>0.485457</td>\n",
       "      <td>0.454427</td>\n",
       "      <td>1.000000</td>\n",
       "      <td>0.428513</td>\n",
       "      <td>0.409897</td>\n",
       "      <td>0.255031</td>\n",
       "    </tr>\n",
       "    <tr>\n",
       "      <th>nutrients_mills</th>\n",
       "      <td>-0.026145</td>\n",
       "      <td>-0.255856</td>\n",
       "      <td>-0.255434</td>\n",
       "      <td>-0.386308</td>\n",
       "      <td>-0.247334</td>\n",
       "      <td>0.022504</td>\n",
       "      <td>0.085951</td>\n",
       "      <td>0.113180</td>\n",
       "      <td>-0.053205</td>\n",
       "      <td>0.156953</td>\n",
       "      <td>0.067179</td>\n",
       "      <td>0.125127</td>\n",
       "      <td>0.348631</td>\n",
       "      <td>0.350250</td>\n",
       "      <td>0.428513</td>\n",
       "      <td>1.000000</td>\n",
       "      <td>0.998101</td>\n",
       "      <td>0.766844</td>\n",
       "    </tr>\n",
       "    <tr>\n",
       "      <th>diet_mills</th>\n",
       "      <td>-0.010255</td>\n",
       "      <td>-0.257787</td>\n",
       "      <td>-0.252844</td>\n",
       "      <td>-0.386925</td>\n",
       "      <td>-0.234873</td>\n",
       "      <td>0.028254</td>\n",
       "      <td>0.087360</td>\n",
       "      <td>0.115305</td>\n",
       "      <td>-0.051250</td>\n",
       "      <td>0.144600</td>\n",
       "      <td>0.081745</td>\n",
       "      <td>0.106347</td>\n",
       "      <td>0.335460</td>\n",
       "      <td>0.341967</td>\n",
       "      <td>0.409897</td>\n",
       "      <td>0.998101</td>\n",
       "      <td>1.000000</td>\n",
       "      <td>0.797503</td>\n",
       "    </tr>\n",
       "    <tr>\n",
       "      <th>population</th>\n",
       "      <td>0.332949</td>\n",
       "      <td>-0.178021</td>\n",
       "      <td>-0.161100</td>\n",
       "      <td>-0.285352</td>\n",
       "      <td>-0.102165</td>\n",
       "      <td>0.080720</td>\n",
       "      <td>-0.005631</td>\n",
       "      <td>0.113944</td>\n",
       "      <td>0.015320</td>\n",
       "      <td>-0.001121</td>\n",
       "      <td>0.410758</td>\n",
       "      <td>0.002954</td>\n",
       "      <td>0.160385</td>\n",
       "      <td>0.163151</td>\n",
       "      <td>0.255031</td>\n",
       "      <td>0.766844</td>\n",
       "      <td>0.797503</td>\n",
       "      <td>1.000000</td>\n",
       "    </tr>\n",
       "  </tbody>\n",
       "</table>\n",
       "</div>"
      ],
      "text/plain": [
       "                 medal_count  happiness    wealth   support    health  \\\n",
       "medal_count         1.000000   0.220567  0.281945  0.185370  0.165661   \n",
       "happiness           0.220567   1.000000  0.800538  0.730530  0.754235   \n",
       "wealth              0.281945   0.800538  1.000000  0.696210  0.844669   \n",
       "support             0.185370   0.730530  0.696210  1.000000  0.573535   \n",
       "health              0.165661   0.754235  0.844669  0.573535  1.000000   \n",
       "freedom             0.096996   0.600304  0.418890  0.406149  0.338940   \n",
       "generosity          0.058168   0.371587  0.124312  0.233989  0.102161   \n",
       "corruption         -0.077640  -0.599141 -0.452280 -0.302176 -0.396567   \n",
       "positivity          0.105476   0.573452  0.268432  0.429864  0.254752   \n",
       "negativity         -0.179493  -0.280796 -0.211463 -0.371542 -0.113009   \n",
       "gdp_avg             0.881499   0.202401  0.217943  0.110141  0.154807   \n",
       "calories_pct       -0.130647  -0.485815 -0.611164 -0.574935 -0.697495   \n",
       "nutrients_pct      -0.214235  -0.671955 -0.864317 -0.658879 -0.866325   \n",
       "diet_pct           -0.250582  -0.732227 -0.889854 -0.664701 -0.860756   \n",
       "calories_mills     -0.046197  -0.229304 -0.289587 -0.269283 -0.397369   \n",
       "nutrients_mills    -0.026145  -0.255856 -0.255434 -0.386308 -0.247334   \n",
       "diet_mills         -0.010255  -0.257787 -0.252844 -0.386925 -0.234873   \n",
       "population          0.332949  -0.178021 -0.161100 -0.285352 -0.102165   \n",
       "\n",
       "                  freedom  generosity  corruption  positivity  negativity  \\\n",
       "medal_count      0.096996    0.058168   -0.077640    0.105476   -0.179493   \n",
       "happiness        0.600304    0.371587   -0.599141    0.573452   -0.280796   \n",
       "wealth           0.418890    0.124312   -0.452280    0.268432   -0.211463   \n",
       "support          0.406149    0.233989   -0.302176    0.429864   -0.371542   \n",
       "health           0.338940    0.102161   -0.396567    0.254752   -0.113009   \n",
       "freedom          1.000000    0.512530   -0.569262    0.665437   -0.312787   \n",
       "generosity       0.512530    1.000000   -0.384608    0.480634   -0.226598   \n",
       "corruption      -0.569262   -0.384608    1.000000   -0.347213    0.363675   \n",
       "positivity       0.665437    0.480634   -0.347213    1.000000   -0.219059   \n",
       "negativity      -0.312787   -0.226598    0.363675   -0.219059    1.000000   \n",
       "gdp_avg          0.141564    0.080943   -0.068265    0.181748   -0.061065   \n",
       "calories_pct    -0.378647    0.021643    0.185861   -0.030678    0.037616   \n",
       "nutrients_pct   -0.300344    0.080594    0.298415   -0.051646    0.218731   \n",
       "diet_pct        -0.333578    0.094091    0.361399   -0.107617    0.216874   \n",
       "calories_mills  -0.109365    0.106995    0.158773    0.077176    0.024488   \n",
       "nutrients_mills  0.022504    0.085951    0.113180   -0.053205    0.156953   \n",
       "diet_mills       0.028254    0.087360    0.115305   -0.051250    0.144600   \n",
       "population       0.080720   -0.005631    0.113944    0.015320   -0.001121   \n",
       "\n",
       "                  gdp_avg  calories_pct  nutrients_pct  diet_pct  \\\n",
       "medal_count      0.881499     -0.130647      -0.214235 -0.250582   \n",
       "happiness        0.202401     -0.485815      -0.671955 -0.732227   \n",
       "wealth           0.217943     -0.611164      -0.864317 -0.889854   \n",
       "support          0.110141     -0.574935      -0.658879 -0.664701   \n",
       "health           0.154807     -0.697495      -0.866325 -0.860756   \n",
       "freedom          0.141564     -0.378647      -0.300344 -0.333578   \n",
       "generosity       0.080943      0.021643       0.080594  0.094091   \n",
       "corruption      -0.068265      0.185861       0.298415  0.361399   \n",
       "positivity       0.181748     -0.030678      -0.051646 -0.107617   \n",
       "negativity      -0.061065      0.037616       0.218731  0.216874   \n",
       "gdp_avg          1.000000     -0.099883      -0.157817 -0.185702   \n",
       "calories_pct    -0.099883      1.000000       0.769507  0.689695   \n",
       "nutrients_pct   -0.157817      0.769507       1.000000  0.964386   \n",
       "diet_pct        -0.185702      0.689695       0.964386  1.000000   \n",
       "calories_mills   0.006452      0.673845       0.485457  0.454427   \n",
       "nutrients_mills  0.067179      0.125127       0.348631  0.350250   \n",
       "diet_mills       0.081745      0.106347       0.335460  0.341967   \n",
       "population       0.410758      0.002954       0.160385  0.163151   \n",
       "\n",
       "                 calories_mills  nutrients_mills  diet_mills  population  \n",
       "medal_count           -0.046197        -0.026145   -0.010255    0.332949  \n",
       "happiness             -0.229304        -0.255856   -0.257787   -0.178021  \n",
       "wealth                -0.289587        -0.255434   -0.252844   -0.161100  \n",
       "support               -0.269283        -0.386308   -0.386925   -0.285352  \n",
       "health                -0.397369        -0.247334   -0.234873   -0.102165  \n",
       "freedom               -0.109365         0.022504    0.028254    0.080720  \n",
       "generosity             0.106995         0.085951    0.087360   -0.005631  \n",
       "corruption             0.158773         0.113180    0.115305    0.113944  \n",
       "positivity             0.077176        -0.053205   -0.051250    0.015320  \n",
       "negativity             0.024488         0.156953    0.144600   -0.001121  \n",
       "gdp_avg                0.006452         0.067179    0.081745    0.410758  \n",
       "calories_pct           0.673845         0.125127    0.106347    0.002954  \n",
       "nutrients_pct          0.485457         0.348631    0.335460    0.160385  \n",
       "diet_pct               0.454427         0.350250    0.341967    0.163151  \n",
       "calories_mills         1.000000         0.428513    0.409897    0.255031  \n",
       "nutrients_mills        0.428513         1.000000    0.998101    0.766844  \n",
       "diet_mills             0.409897         0.998101    1.000000    0.797503  \n",
       "population             0.255031         0.766844    0.797503    1.000000  "
      ]
     },
     "execution_count": 70,
     "metadata": {},
     "output_type": "execute_result"
    }
   ],
   "source": [
    "# Women's summer games correlation\n",
    "data_to_select = {\n",
    "    'game_season': 'Summer', \n",
    "    'event_gender': 'Women'\n",
    "}\n",
    "df = slice_medal_details_data(data_to_select)\n",
    "df = merge_hap_gdp_nut(df)\n",
    "df.set_index('country_name').corr()"
   ]
  },
  {
   "cell_type": "code",
   "execution_count": 71,
   "metadata": {},
   "outputs": [
    {
     "data": {
